3720.00	402
3000.00	401
3720.00	403
3720.00	406
800.00	22.05
440.00	07.15
350.00	22.08
390.00	22.07
2610.00	405
460.00	02.13
760.00	01.80
550.00	05.17
550.00	05.08
490.00	05.03
550.00	05.04
600.00	05.05
440.00	05.06
410.00	05.16
680.00	05.07
350.00	05.15
800.00	05.12
470.00	05.13
650.00	05.11
800.00	05.10
920.00	04.76
190.00	01.78
730.00	01.50
730.00	01.49
730.00	01.52
730.00	01.53
1300.00	09.58
500.00	01.55
640.00	04.73
640.00	04.74
490.00	04.27
510.00	04.82
450.00	04.29
200.00	01.24
400.00	99.24
440.00	04.16
440.00	04.17
440.00	04.18
220.00	01.01
440.00	04.13
440.00	04.14
440.00	04.15
495.00	107
400.00	99.01
1390.00	COV.19
950.00	06.08
200.00	01.07
400.00	99.07
485.00	111
330.00	04.46
760.00	04.48
470.00	04.47
260.00	02.05
950.00	18.08
1640.00	04.77
480.00	01.33
480.00	01.37
1100.00	02.11
490.00	02.16
490.00	04.94
560.00	04.52
560.00	04.53
410.00	04.51
330.00	01.32
2510.00	04.90
760.00	01.75
200.00	01.08
400.00	99.08
570.00	03.01
520.00	05.02
290.00	05.01
230.00	05.14
430.00	03.02
1750.00	03.03
1100.00	03.06
1090.00	03.05
600.00	03.04
2390.00	03.07
3500.00	03.11
600.00	03.08
1500.00	06.18
420.00	13.01
660.00	04.63
820.00	04.62
420.00	04.24
180.00	01.05
190.00	01.57
180.00	01.06
380.00	04.08
380.00	04.09
380.00	04.10
380.00	04.11
430.00	04.91
430.00	04.92
260.00	02.03
400.00	99.06
260.00	02.02
400.00	99.05
760.00	01.65
210.00	01.18
240.00	01.64
240.00	01.63
240.00	01.61
240.00	01.62
240.00	01.16
2890.00	01.87
300.00	01.56
790.00	01.86
1400.00	01.84
490.00	01.85
310.00	01.15
490.00	120
260.00	02.04
700.00	04.49
400.00	20.04
520.00	47.01
520.00	47.02
520.00	47.04
520.00	47.05
2700.00	П515
520.00	42.04
520.00	42.05
520.00	42.03
515.00	П525
515.00	П526
515.00	П524
520.00	47.06
520.00	33.02
520.00	47.07
520.00	47.03
515.00	П527
520.00	37.01
520.00	38.01
515.00	П535
520.00	45.01
520.00	50.01
520.00	50.02
520.00	51.01
520.00	37.02
520.00	48.02
960.00	39.01
520.00	37.03
520.00	35.01
520.00	37.04
520.00	51.02
520.00	48.01
520.00	39.02
520.00	38.02
520.00	37.05
520.00	32.01
520.00	51.03
520.00	46.01
515.00	П529
520.00	38.03
960.00	39.03
520.00	37.06
520.00	37.07
520.00	46.02
520.00	39.04
520.00	34.02
520.00	32.02
520.00	35.02
520.00	39.05
520.00	37.08
520.00	36.01
520.00	34.03
520.00	37.09
7000.00	П306
520.00	51.05
1000.00	51.04
520.00	42.01
520.00	42.02
520.00	46.03
520.00	37.10
520.00	44.01
520.00	50.03
1150.00	П320
515.00	П537
960.00	45.02
520.00	51.06
520.00	46.04
520.00	39.06
450.00	20.07
520.00	32.03
520.00	51.07
515.00	П530
520.00	33.01
520.00	31.01
520.00	31.02
520.00	38.04
960.00	39.07
520.00	38.05
520.00	36.03
515.00	П531
520.00	36.04
520.00	37.12
520.00	46.05
520.00	37.13
520.00	36.05
960.00	44.02
520.00	43.01
520.00	39.08
520.00	44.03
510.00	41.02
515.00	31.03
520.00	45.03
520.00	31.04
520.00	32.04
520.00	34.04
520.00	36.06
520.00	32.05
520.00	41.09
520.00	39.09
515.00	П533
520.00	49.01
520.00	45.04
520.00	46.06
520.00	51.08
520.00	37.15
520.00	46.07
520.00	31.05
520.00	41.03
520.00	38.06
960.00	39.10
520.00	40.02
520.00	37.16
520.00	37.18
520.00	38.07
520.00	40.03
515.00	П538
520.00	36.07
520.00	30.05
520.00	30.06
520.00	30.04
960.00	43.02
520.00	38.08
520.00	41.04
515.00	П528
960.00	39.11
520.00	44.05
515.00	51.09
960.00	45.07
520.00	34.05
520.00	44.06
520.00	38.09
520.00	45.08
520.00	46.08
520.00	43.07
520.00	43.08
520.00	40.01
520.00	50.04
520.00	50.05
520.00	38.10
520.00	38.11
520.00	39.12
520.00	37.19
960.00	39.13
7000.00	П303
7000.00	П302
2700.00	П514
2200.00	П342
520.00	45.09
520.00	45.10
960.00	44.07
520.00	45.06
520.00	41.10
520.00	41.11
960.00	45.11
1210.00	51.10
520.00	51.11
520.00	34.06
520.00	43.09
520.00	34.07
520.00	44.08
1000.00	П326
520.00	44.09
960.00	31.07
7000.00	П305
5175.00	П304
520.00	34.08
520.00	34.09
520.00	44.10
520.00	45.12
520.00	31.08
520.00	32.06
520.00	44.11
1150.00	П512
520.00	39.14
520.00	31.09
5175.00	П504
5175.00	П513
520.00	31.10
520.00	37.20
3000.00	П511
1150.00	П510
1150.00	П517
1150.00	П518
1150.00	П520
1150.00	П521
1150.00	П522
1150.00	П322
1150.00	П505
2700.00	П506
1150.00	П323
2200.00	П508
1150.00	П321
4500.00	П516
1150.00	П519
1150.00	П327
1150.00	П324
1150.00	П509
1150.00	П523
960.00	37.21
520.00	41.05
520.00	35.03
520.00	46.09
960.00	31.11
960.00	47.08
960.00	47.09
780.00	51.13
515.00	П540
520.00	30.07
520.00	30.08
520.00	43.05
515.00	П532
520.00	44.12
960.00	39.15
520.00	39.16
515.00	П536
520.00	38.12
520.00	46.10
520.00	31.12
520.00	31.13
520.00	38.15
520.00	35.04
520.00	35.05
520.00	36.08
520.00	31.14
520.00	36.09
520.00	31.15
520.00	41.06
960.00	37.23
520.00	50.06
515.00	П539
520.00	33.03
515.00	П534
520.00	38.16
520.00	35.06
1150.00	П507
1150.00	П319
520.00	39.18
520.00	37.24
520.00	30.10
520.00	30.11
520.00	34.10
400.00	20.06
400.00	20.05
190.00	01.20
450.00	04.64
750.00	19.08
320.00	01.23
380.00	02.14
390.00	04.30
550.00	04.22
190.00	01.21
760.00	04.61
800.00	04.23
300.00	01.13
400.00	99.02
200.00	01.02
470.00	04.54
470.00	04.55
470.00	04.97
410.00	01.93
460.00	04.56
460.00	04.57
460.00	04.58
10500.00	52.72
200.00	01.09
485.00	121
400.00	99.09
1000.00	06.10
3200.00	09.88
2200.00	07.38
760.00	15.01
730.00	01.51
1120.00	04.65
1120.00	04.66
560.00	01.82
940.00	01.76
830.00	01.54
760.00	01.71
1240.00	15.03
1300.00	15.02
560.00	01.34
560.00	01.36
560.00	71.22
360.00	04.43
810.00	04.45
430.00	04.44
1185.00	06.11
560.00	01.35
230.00	01.38
230.00	01.46
300.00	01.40
460.00	01.39
200.00	04.02
340.00	04.03
760.00	01.77
1000.00	04.67
580.00	04.68
1585.00	52.51
3070.00	52.04
280.00	02.10
310.00	04.40
840.00	04.42
440.00	04.41
200.00	01.10
400.00	99.10
2280.00	06.17
400.00	01.89
200.00	01.26
380.00	04.25
380.00	04.26
410.00	01.88
485.00	124
340.00	01.04
400.00	01.44
690.00	04.59
550.00	04.21
480.00	02.07
150.00	09.27
180.00	09.89
600.00	04.28
750.00	23.01
2970.00	75.04
600.00	07.18
1029.00	П445
1029.00	П458
1029.00	П456
1029.00	П457
1029.00	П403
1029.00	П444
1029.00	П409
1029.00	П419
1029.00	П461
1029.00	П421
1029.00	П462
1029.00	П460
1029.00	П417
1029.00	П414
1029.00	П422
1029.00	П423
1029.00	П420
1029.00	П413
1029.00	П412
1029.00	П408
1029.00	П418
1029.00	П454
1029.00	П415
1029.00	П441
1029.00	П405
1500.00	П548
1029.00	П402
1029.00	П459
1029.00	П416
1029.00	П410
1029.00	П406
1029.00	П466
1029.00	П465
1029.00	П464
1029.00	П463
1029.00	П455
1029.00	П428
1029.00	П475
2751.00	П551
2394.00	П473
2751.00	П550
2751.00	П447
1029.00	П448
2394.00	П450
1029.00	П567
2394.00	П451
2394.00	П452
2394.00	П453
2394.00	П472
1029.00	П474
2394.00	П468
2751.00	П469
2394.00	П449
1029.00	П446
2751.00	П470
2751.00	П471
22000.00	51.27
32000.00	П440
150.00	09.01
150.00	09.15
1100.00	07.21
600.00	09.60
200.00	09.22
300.00	24.14
1600.00	07.37
900.00	20.22
190.00	24.13
240.00	09.23
1220.00	b0714
1440.00	b0814
240.00	25.02
800.00	25.03
550.00	25.16
6200.00	78.01
8200.00	78.02
700.00	22.06
220.00	22.02
2960.00	130
2030.00	129
3150.00	128
2400.00	ЗН05
760.00	07.33
2800.00	ЗН04
800.00	19.10
1440.00	08.66
2130.00	08.25
1200.00	08.12
890.00	14.42
800.00	14.41
800.00	COV.19_2
1000.00	14.46
1200.00	14.44
800.00	COV.19_3
990.00	14.05
790.00	14.02
790.00	14.01
790.00	14.03
790.00	14.04
310.00	18.05
2565.00	52.62
460.00	09.30
460.00	09.31
330.00	09.55
150.00	09.02
500.00	13.12
800.00	04.95
500.00	04.31
1000.00	08.10
460.00	04.32
700.00	04.78
540.00	04.80
540.00	04.81
390.00	04.01
450.00	04.93
350.00	04.37
340.00	04.38
330.00	04.72
1280.00	08.21
1750.00	08.16
2000.00	08.43
2000.00	08.44
440.00	19.04
800.00	19.09
680.00	04.33
760.00	04.35
1480.00	08.15
1300.00	08.19
1300.00	08.18
2840.00	08.20
2840.00	08.20
1530.00	08.05
900.00	08.13
700.00	08.04
1370.00	08.24
1100.00	08.31
1700.00	08.17
1460.00	08.28
1560.00	08.27
2510.00	08.26
1700.00	08.03
480.00	04.79
440.00	08.01
440.00	08.02
925.00	08.47
925.00	08.46
1200.00	08.56
1200.00	08.57
860.00	08.11
1200.00	08.22
1620.00	08.23
760.00	08.07
1700.00	08.08
380.00	06.15
160.00	18.01
800.00	52.63
200.00	29.03
960.00	Б103
1180.00	Б105
1785.00	06.16
150.00	24.07
820.00	06.12
350.00	06.01
530.00	06.02
390.00	29.13
150.00	09.04
150.00	09.05
2600.00	25.07
990.00	52.41
2190.00	52.42
6875.00	52.55
3110.00	52.56
1135.00	125
590.00	09.50
2650.00	64.02
9000.00	02.28
2600.00	09.77
2600.00	09.93
2600.00	09.78
1160.00	09.67
2600.00	09.80
2800.00	09.76
1300.00	29.60
400.00	04.04
280.00	04.39
670.00	18.10
945.00	52.09
5000.00	63.02
900.00	20.33
600.00	09.62
1060.00	07.35
3800.00	52.36
150.00	09.03
1690.00	75.07
4670.00	95
3800.00	71.31
890.00	139
2020.00	141
570.00	138
1700.00	140
1670.00	21.02
1670.00	21.03
1670.00	21.01
5010.00	75.09
880.00	143
2700.00	52.47
820.00	52.48
2000.00	71.25
1400.00	07.40
1900.00	60.06
1890.00	62.01
1860.00	62.03
3000.00	62.09
450.00	09.19
130.00	09.18
310.00	09.20
2100.00	09.21
1180.00	09.54
2890.00	52.43
1430.00	52.01
1190.00	52.13
380.00	19.03
410.00	07.24
360.00	07.07
2190.00	52.11
1700.00	21.05
440.00	09.82
6515.00	52.60
9765.00	52.61
2200.00	21.04
2860.00	126
1100.00	07.30
750.00	23.03
2400.00	22.03
4200.00	52.53
2370.00	52.54
150.00	09.43
580.00	09.66
3270.00	52.58
4580.00	52.59
7010.00	80.08
2820.00	80.06
4960.00	80.07
1800.00	80.09
810.00	52.07
2550.00	52.52
2500.00	52.03
3620.00	112
2260.00	55.10
2610.00	114
1080.00	52.50
1865.00	52.49
1110.00	52.57
900.00	20.31
6000.00	20.08
8850.00	20.01
22000.00	62.25
32535.00	62.24
900.00	20.35
900.00	20.34
5000.00	61.24
900.00	20.28
3550.00	07.41
1800.00	07.42
600.00	71.21
2900.00	06.25
4900.00	06.29
830.00	07.43
470.00	07.26
970.00	07.27
600.00	71.15
3050.00	20.19
900.00	20.25
2655.00	117
1295.00	115
2300.00	116
4900.00	B4701
53590.00	62.28
22000.00	62.27
53590.00	62.26
16280.00	62.30
6310.00	71.02
900.00	20.23
170.00	09.37
230.00	09.87
2400.00	25.09
140.00	09.35
300.00	09.36
150.00	24.01
780.00	07.23
2650.00	64.01
1700.00	07.44
200.00	09.12
1590.00	414
600.00	71.09
560.00	71.10
560.00	71.11
350.00	25.01
370.00	07.14
710.00	60.03
150.00	09.32
140.00	24.10
190.00	09.06
320.00	09.07
800.00	09.59
160.00	09.09
220.00	09.10
190.00	09.46
340.00	07.01
190.00	19.05
1000.00	07.34
900.00	20.36
290.00	09.24
690.00	09.28
1000.00	09.65
1300.00	29.07
160.00	09.40
150.00	24.03
1020.00	07.36
4200.00	09.69
1500.00	52.12
1190.00	52.02
600.00	09.42
600.00	71.17
600.00	71.18
600.00	71.19
600.00	71.20
600.00	71.23
310.00	24.08
290.00	11.03
270.00	11.07
270.00	11.08
290.00	11.04
270.00	11.06
290.00	11.02
330.00	11.10
280.00	11.12
320.00	11.09
280.00	11.05
560.00	65.01
280.00	11.11
740.00	09.08
150.00	09.34
140.00	24.12
150.00	09.33
140.00	24.11
2600.00	63.01
170.00	09.38
210.00	24.25
5760.00	73.01
9000.00	78.18
11000.00	78.10
22000.00	62.29
900.00	20.21
750.00	23.02
500.00	13.11
4230.00	72.16
860.00	b2614
1200.00	b1514
700.00	b1414
180.00	09.81
400.00	11.13
200.00	22.01
150.00	09.14
190.00	19.06
420.00	19.01
2900.00	06.23
1450.00	06.22
5740.00	62.20
5740.00	62.23
5740.00	62.22
5740.00	62.21
5740.00	62.19
5740.00	62.18
10710.00	62.17
3500.00	B6001
3500.00	26.02
840.00	07.32
1500.00	13.15
1500.00	13.08
3130.00	08.65
2800.00	26.01
590.00	07.17
1880.00	123
4430.00	52.80
220.00	18.15
1700.00	07.31
6000.00	80.04
2200.00	80.02
4000.00	80.03
2745.00	52.35
765.00	52.06
1940.00	73.06
3200.00	29.14
900.00	20.32
1440.00	80.01
2000.00	b3012
1780.00	b2912
800.00	b0429
460.00	b3129
460.00	b3130
600.00	b1829
600.00	b1830
610.00	b2229
610.00	b2230
690.00	b0329
810.00	b2129
690.00	b0330
810.00	b2130
670.00	b2329
670.00	b2330
800.00	b0414
620.00	b1914
760.00	b0914
460.00	b3114
610.00	b1814
1200.00	b1714
610.00	b2214
680.00	b0314
790.00	b2114
680.00	b2314
760.00	b2714
800.00	b0415
1200.00	b2815
610.00	b2215
680.00	b0315
790.00	b2115
680.00	b2315
800.00	b0417
460.00	b3117
610.00	b1817
610.00	b2217
680.00	b0317
790.00	b2117
680.00	b2317
800.00	b0403
800.00	b0402
800.00	b0401
440.00	b3103
450.00	b3102
440.00	b3101
610.00	b1803
610.00	b1802
600.00	b1801
610.00	b2203
580.00	b2202
580.00	b2201
680.00	b0303
760.00	b2103
680.00	b0302
840.00	b2102
760.00	b0301
1250.00	b2101
660.00	b2303
660.00	b2302
660.00	b2301
800.00	b0437
800.00	b0436
800.00	b0405
800.00	b0409
800.00	b0411
800.00	b0435
800.00	b0434
800.00	b0431
800.00	b0413
800.00	b0424
600.00	b1318
600.00	b1319
1100.00	b0609
1100.00	b0608
1100.00	b0622
1100.00	b0621
1200.00	b2804
1040.00	b0518
1040.00	b0522
600.00	b1218
600.00	b1223
650.00	b1107
630.00	b1105
630.00	b1104
630.00	b1106
720.00	b1607
720.00	b1605
720.00	b1604
720.00	b1606
460.00	b3137
460.00	b3136
440.00	b3105
460.00	b3108
460.00	b3110
460.00	b3135
460.00	b3134
460.00	b3131
460.00	b3132
460.00	b3133
460.00	b3120
600.00	b1837
610.00	b1836
610.00	b1804
610.00	b1809
610.00	b1811
610.00	b1810
610.00	b1835
610.00	b1834
610.00	b1831
610.00	b1832
610.00	b1833
610.00	b1819
610.00	b2237
610.00	b2236
610.00	b2207
610.00	b2209
610.00	b2208
610.00	b2211
610.00	b2210
610.00	b2235
610.00	b2234
610.00	b2231
610.00	b2232
610.00	b2233
610.00	b2221
680.00	b0337
790.00	b2137
680.00	b0336
790.00	b2136
820.00	b2107
680.00	b0309
840.00	b2109
680.00	b0308
840.00	b2108
680.00	b0311
840.00	b2111
680.00	b0310
840.00	b2110
680.00	b0335
790.00	b2135
680.00	b0334
790.00	b2134
680.00	b0331
790.00	b2131
680.00	b0332
790.00	b2132
680.00	b0333
790.00	b2133
870.00	b0313
980.00	b2113
760.00	b0320
680.00	b2337
680.00	b2336
660.00	b2304
680.00	b2309
680.00	b2308
680.00	b2311
680.00	b2310
680.00	b2335
680.00	b2334
680.00	b2331
680.00	b2332
680.00	b2333
670.00	b2323
680.00	b0304
550.00	b2606
800.00	b0425
460.00	b3127
600.00	b1828
610.00	b2227
610.00	b2228
610.00	b2226
610.00	b2225
680.00	b0327
680.00	b0328
790.00	b2128
680.00	b0326
680.00	b0325
790.00	b2125
680.00	b2327
680.00	b2328
680.00	b2326
680.00	b2325
800.00	b0416
1100.00	b0616
440.00	b3116
590.00	b1816
580.00	b2216
680.00	b0316
780.00	b2116
660.00	b2316
440.00	52.10
2600.00	09.63
220.00	22.04
190.00	60.01
340.00	07.05
1300.00	72.17
1150.00	07.28
1900.00	07.61
340.00	07.03
1520.00	18.06
330.00	09.17
1200.00	18.07
600.00	71.07
200.00	18.02
790.00	06.14
410.00	06.13
900.00	20.29
900.00	20.30
300.00	09.57
1100.00	07.19
1400.00	07.20
1900.00	154
200.00	19.02
4000.00	52.64
1380.00	52.05
3040.00	73.04
5900.00	73.07
1960.00	71.29
980.00	71.32
500.00	13.10
900.00	20.26
220.00	18.11
540.00	06.03
420.00	20.02
420.00	20.03
400.00	99.24
550.00	06.05
560.00	06.06
570.00	06.04
950.00	06.07
5870.00	71.03
1300.00	40.08
2600.00	60.04
800.00	07.29
1500.00	09.74
2000.00	71.24
1310.00	07.39
1900.00	60.05
1600.00	75.08
280.00	29.23
1491.00	П467
1029.00	П433
1029.00	П432
1491.00	П431
1029.00	П437
1029.00	П434
1491.00	П438
1029.00	П430
1491.00	П439
1491.00	П435
1029.00	П436
490.00	07.22
220.00	25.05
140.00	19.07
420.00	07.25
3800.00	63.09
300.00	09.91
320.00	09.56
2760.00	62.02
2620.00	62.04
330.00	07.10
350.00	07.11
340.00	07.08
320.00	07.09
900.00	20.37
490.00	07.13
330.00	07.06
810.00	08.06
900.00	20.38
490.00	09.47
160.00	09.26
190.00	18.03
3710.00	90
560.00	71.13
600.00	71.14
880.00	09.53
330.00	07.12
600.00	25.06
600.00	71.16
3495.00	П442
3045.00	П443
1400.00	91.01
600.00	71.08
2285.00	113
2660.00	ЗН03
1480.00	ЗН01
1880.00	ЗН02
440.00	09.48
210.00	18.04
600.00	71.12
8600.00	52.70
6600.00	52.71
1475.00	06.09
790.00	09.51
150.00	24.04
160.00	09.41
340.00	09.49
320.00	07.02
3600.00	24.27
110.00	09.39
150.00	09.25
200.00	09.13
190.00	09.29
600.00	09.45
900.00	20.20
250.00	09.44
460.00	20.15
2200.00	09.84
600.00	61.09
550.00	61.04
600.00	61.06
550.00	61.03
550.00	61.02
550.00	61.01
600.00	61.08
750.00	61.25
790.00	61.22
460.00	61.15
1900.00	61.10
600.00	61.05
600.00	61.07
150.00	09.11
2600.00	24.21
1000.00	09.64
940.00	09.52
330.00	07.04
390.00	07.15
32000.00	МУ1
3000.00	МУ3
6000.00	МУ4
2000.00	МУ2
6000.00	МУ32
500.00	МУ5
1000.00	МУ34
250.00	МУ33
3000.00	МУ6
4500.00	МУ7
6000.00	МУ8
6000.00	МУ10
15000.00	МУ12
25000.00	МУ13
10000.00	МУ14
7500.00	МУ11
8500.00	МУ35
9500.00	МУ36
12000.00	МУ37
14000.00	МУ36.
16000.00	МУ38
7500.00	МУ15
7500.00	МУ16
14000.00	МУ39
16000.00	МУ40
18000.00	МУ41
15000.00	МУ17
7500.00	МУ18
8500.00	МУ19
8500.00	МУ20
9500.00	МУ21
350.00	МУ28
18000.00	МУ29
12500.00	МУ47
14500.00	МУ46
16500.00	МУ48
2500.00	МУ45
250.00	МУ44
1000.00	МУ52
500.00	МУ51
10500.00	МУ49
22900.00	МУ50
5500.00	МУ30
4000.00	МУ31
1000.00	МУ43
1500.00	МУ42
1600.00	КВ1
5000.00	КВ135
4000.00	КВ96
5000.00	КВ98
4000.00	КВ109
8000.00	КВ6
5000.00	КВ110
5000.00	КВ97
2000.00	КВ120
1800.00	КВ133
500.00	КВ105
3500.00	КВ118
3000.00	КВ119
2200.00	КВ7
2500.00	КВ8
1500.00	КВ9
1500.00	КВ11
1500.00	КВ80
2000.00	КВ14
1500.00	КВ81
3000.00	КВ106
2400.00	КВ123
2000.00	КВ20
2500.00	КВ142
2000.00	КВ132
2500.00	КВ114
2000.00	КВ116
2600.00	КВ26
3000.00	КВ115
2700.00	КВ117
2600.00	КВ23
2600.00	КВ24
2100.00	КВ25
2000.00	КВ28
15000.00	КВ86
10000.00	КВ85
2500.00	КВ30
2000.00	КВ31
1700.00	КВ82
1800.00	КВ33
2000.00	КВ137
1800.00	КВ34
1500.00	КВ93
3000.00	КВ84
2800.00	КВ88
2800.00	КВ139
2800.00	КВ138
1500.00	КВ94
1500.00	КВ95
1800.00	КВ35
1800.00	КВ36
1500.00	КВ37
3000.00	КВ38
2000.00	КВ91
2000.00	КВ40
1800.00	КВ39
3000.00	КВ87
3000.00	КВ41
2800.00	КВ42
5500.00	КВ43
1500.00	КВ90
2000.00	КВ46
2500.00	КВ124
2500.00	КВ112
2500.00	КВ47
2500.00	КВ48
2500.00	КВ102
3000.00	КВ50
2000.00	КВ51
1700.00	КВ83
1500.00	КВ52
1500.00	КВ53
2000.00	КВ136
1800.00	КВ56
2000.00	КВ17
1600.00	КВ18
3000.00	КВ58
4000.00	КВ59
4500.00	КВ101
3000.00	КВ113
4000.00	КВ60
4500.00	КВ107
5000.00	КВ61
2800.00	КВ131
2000.00	КВ104
2800.00	КВ140
2800.00	КВ141
5500.00	КВ62
3000.00	КВ111
3000.00	КВ63
2800.00	КВ64
4000.00	КВ65
3000.00	КВ128
3000.00	КВ67
4000.00	КВ126
3000.00	КВ125
4000.00	КВ66
4000.00	КВ130
3000.00	КВ89
4000.00	КВ129
5000.00	КВ122
2000.00	КВ69
1500.00	КВ68
2000.00	КВ70
2000.00	КВ92
2000.00	КВ72
2000.00	КВ73
2000.00	КВ74
2000.00	КВ75
2000.00	КВ77
2000.00	КВ134
3000.00	КВ79
3500.00	КВ103
400.00	З3
640.00	З4
600.00	З017
200.00	З2
320.00	З1
290.00	З5
1700.00	У1
2200.00	У2
3500.00	У58
3500.00	У59
3500.00	У4
3500.00	У5
1200.00	У6
1200.00	У9
1200.00	У10
2000.00	У15
2000.00	У61
1200.00	У16
1800.00	У17
2000.00	У18
2000.00	У19
2000.00	У21
1800.00	У22
1800.00	У62
1000.00	У23
600.00	У24
1700.00	У25
1000.00	У26
1400.00	У27
900.00	У28
2100.00	У30
1200.00	У31
1100.00	У32
1100.00	У33
1500.00	У35
1200.00	У34
1000.00	У36
2000.00	У37
1200.00	У38
1400.00	У39
1700.00	У40
2000.00	У42
1400.00	У46
1200.00	У44
1200.00	У45
2000.00	У47
2000.00	У47
2000.00	У63
1200.00	У48
630.00	У49
1800.00	У50
1000.00	У51
1400.00	У12
1400.00	У52
1500.00	У64
1500.00	У54
1500.00	У53
1400.00	У55
1000.00	У60
1400.00	У56
1400.00	У57
525.00	КП1
630.00	КП68
700.00	КП5
800.00	КП6
525.00	КП7
595.00	КП44
630.00	КП9
700.00	КП67
910.00	КП58
735.00	КП11
700.00	КП14
630.00	КП15
700.00	КП70
630.00	КП16
700.00	КП65
525.00	КП52
1050.00	КП46
980.00	КП47
980.00	КП71
525.00	КП53
525.00	КП54
630.00	КП17
630.00	КП66
630.00	КП66
525.00	КП18
1050.00	КП19
525.00	КП20
700.00	КП51
525.00	КП21
1050.00	КП22
970.00	КП23
525.00	КП49
875.00	КП60
875.00	КП55
1050.00	КП24
700.00	КП25
595.00	КП45
525.00	КП26
525.00	КП27
700.00	КП69
630.00	КП29
1050.00	КП31
1050.00	КП61
2000.00	КП56
980.00	КП72
1050.00	КП59
1050.00	КП32
980.00	КП48
1050.00	КП2
997.00	КП33
525.00	КП34
700.00	КП50
623.00	КП35
525.00	КП36
623.00	КП37
700.00	КП38
700.00	КП73
1050.00	КП40
32000.00	МУ1
3000.00	МУ3
6000.00	МУ4
2000.00	МУ2
6000.00	МУ32
500.00	МУ5
1000.00	МУ34
250.00	МУ33
3000.00	МУ6
4500.00	МУ7
6000.00	МУ8
6000.00	МУ10
15000.00	МУ12
25000.00	МУ13
10000.00	МУ14
7500.00	МУ11
8500.00	МУ35
9500.00	МУ36
12000.00	МУ37
14000.00	МУ36.
16000.00	МУ38
7500.00	МУ15
7500.00	МУ16
14000.00	МУ39
16000.00	МУ40
18000.00	МУ41
15000.00	МУ17
7500.00	МУ18
8500.00	МУ19
8500.00	МУ20
9500.00	МУ21
350.00	МУ28
18000.00	МУ29
12500.00	МУ47
14500.00	МУ46
16500.00	МУ48
1000.00	МУ52
500.00	МУ51
10500.00	МУ49
22900.00	МУ50
5500.00	МУ30
4000.00	МУ31
1000.00	МУ43
1500.00	МУ42
1600.00	КВ1
5000.00	КВ135
4000.00	КВ96
5000.00	КВ98
4000.00	КВ109
8000.00	КВ6
5000.00	КВ110
5000.00	КВ97
2000.00	КВ120
1800.00	КВ133
500.00	КВ105
3500.00	КВ118
3000.00	КВ119
2200.00	КВ7
2500.00	КВ8
1500.00	КВ9
1500.00	КВ11
1500.00	КВ80
2000.00	КВ14
1500.00	КВ81
3000.00	КВ106
2400.00	КВ123
2000.00	КВ20
2500.00	КВ142
2000.00	КВ132
2500.00	КВ114
2000.00	КВ116
2600.00	КВ26
3000.00	КВ115
2700.00	КВ117
2600.00	КВ23
2600.00	КВ24
2100.00	КВ25
2000.00	КВ28
15000.00	КВ86
10000.00	КВ85
2500.00	КВ30
2000.00	КВ31
1700.00	КВ82
1800.00	КВ33
2000.00	КВ137
1800.00	КВ34
1500.00	КВ93
3000.00	КВ84
2800.00	КВ88
2800.00	КВ139
2800.00	КВ138
1500.00	КВ94
1500.00	КВ95
1800.00	КВ35
1800.00	КВ36
1500.00	КВ37
3000.00	КВ38
2000.00	КВ91
2000.00	КВ40
1800.00	КВ39
3000.00	КВ87
3000.00	КВ41
2800.00	КВ42
5500.00	КВ43
1500.00	КВ90
2000.00	КВ46
2500.00	КВ124
2500.00	КВ112
2500.00	КВ47
2500.00	КВ48
2500.00	КВ102
3000.00	КВ50
2000.00	КВ51
1700.00	КВ83
1500.00	КВ52
1500.00	КВ53
2000.00	КВ136
1800.00	КВ56
2000.00	КВ17
1600.00	КВ18
3000.00	КВ58
4000.00	КВ59
4500.00	КВ101
3000.00	КВ113
4000.00	КВ60
4500.00	КВ107
5000.00	КВ61
2800.00	КВ131
2000.00	КВ104
2800.00	КВ140
2800.00	КВ141
5500.00	КВ62
3000.00	КВ111
3000.00	КВ63
2800.00	КВ64
4000.00	КВ65
3000.00	КВ128
3000.00	КВ67
4000.00	КВ126
3000.00	КВ125
4000.00	КВ66
4000.00	КВ130
3000.00	КВ89
4000.00	КВ129
5000.00	КВ122
2000.00	КВ69
1500.00	КВ68
2000.00	КВ70
2000.00	КВ92
2000.00	КВ72
2000.00	КВ73
2000.00	КВ74
2000.00	КВ75
2000.00	КВ77
2000.00	КВ134
3000.00	КВ79
3500.00	КВ103
400.00	З3
640.00	З4
600.00	З017
200.00	З2
320.00	З1
290.00	З5
1700.00	У1
2200.00	У2
3500.00	У58
3500.00	У59
3500.00	У4
3500.00	У5
1200.00	У6
1200.00	У9
1200.00	У10
2000.00	У15
2000.00	У61
1200.00	У16
1800.00	У17
2000.00	У18
2000.00	У19
2000.00	У21
1800.00	У22
1800.00	У62
1000.00	У23
600.00	У24
1700.00	У25
1000.00	У26
1400.00	У27
900.00	У28
2100.00	У30
1200.00	У31
1100.00	У32
1100.00	У33
1500.00	У35
1200.00	У34
1000.00	У36
2000.00	У37
1200.00	У38
1400.00	У39
1700.00	У40
2000.00	У42
1400.00	У46
1200.00	У44
1200.00	У45
2000.00	У47
2000.00	У47
2000.00	У63
1200.00	У48
630.00	У49
1800.00	У50
1000.00	У51
1400.00	У12
1400.00	У52
1500.00	У64
1500.00	У54
1500.00	У53
1400.00	У55
1000.00	У60
1400.00	У56
1400.00	У57